0.5278912782669067
0.5312997102737427
0.4097346365451813
0.46440306305885315
0.45658183097839355
0.4753030240535736
0.4877065420150757
0.47719550132751465
0.5213857293128967
0.967505156993866
0.9826303720474243
0.9322525858879089
0.9868699312210083
1.0156127214431763
1.0078842639923096
1.150976300239563
0.8996103405952454
1.0374435186386108
1.0918269157409668
1.08357834815979
0.9520726203918457
1.0602823495864868
1.1014608144760132
1.1878376007080078
1.0087666511535645
1.1277483701705933
1.1521068811416626
1.136866569519043
1.1780990362167358
1.2478479146957397
1.1428706645965576
1.103426456451416
1.1527082920074463
1.147802710533142
1.1402212381362915
1.2367253303527832
1.223228931427002
1.296257734298706
1.281354546546936
1.3404622077941895
1.348764181137085
1.4003251791000366
0.2768389880657196
0.23835478723049164
0.2714231312274933
0.321055144071579
0.2592862844467163
0.32878297567367554
0.38084447383880615
0.27599141001701355
0.21499383449554443
0.18930035829544067
0.22089342772960663
0.19211693108081818
0.10079142451286316
0.2502003610134125
0.2867686450481415
0.20744594931602478
0.3183184266090393
0.19357049465179443
0.24124474823474884
0.2928449809551239
0.3481520116329193
0.1575225442647934
0.2761211693286896
0.1185583844780922
0.17628265917301178
0.16035127639770508
0.21216267347335815
0.19846303761005402
0.21781203150749207
0.24201947450637817
0.31752505898475647
0.14869368076324463
0.1867358237504959
0.17204909026622772
0.24862775206565857
0.24276745319366455
0.10507481545209885
0.1605260670185089
0.1799214780330658
0.18947680294513702
0.19909155368804932
0.2373521625995636
0.2110779732465744
0.240205317735672
0.13930925726890564
0.19913507997989655
0.1600300371646881
0.19866718351840973
0.17490115761756897
0.14683090150356293
0.1797756552696228
0.3115217983722687
0.1387048214673996
0.2000071108341217
0.24238863587379456
0.1728653609752655
0.1512545794248581
0.21162059903144836
0.21162059903144836
0.12993931770324707
0.21505405008792877
0.1355336755514145
0.2596605122089386
0.18476836383342743
0.3142092227935791
0.16231977939605713
0.17702467739582062
0.1067594364285469
0.22796832025051117
0.19920232892036438
0.1051207110285759
0.22321592271327972
0.19321222603321075
0.2024509459733963
0.21931524574756622
0.21899904310703278
0.25581586360931396
0.26739048957824707
0.28144213557243347
0.21103432774543762
0.12507624924182892
0.20370464026927948
0.2534148693084717
0.21090282499790192
0.24263659119606018
0.3108159303665161
0.2634313106536865
0.2770826518535614
0.3369411528110504
0.22570113837718964
0.3941301703453064
0.20090141892433167
0.19317065179347992
0.4123358130455017
0.3159261643886566
0.2720666825771332
0.2672507166862488
0.28273120522499084
0.26036056876182556
0.2906089425086975
0.3285117447376251
0.28645235300064087
0.47251811623573303
0.4023166000843048
0.44171544909477234
0.31688523292541504
0.3252672553062439
0.35184237360954285
0.37798595428466797
0.22679977118968964
1.0628037452697754
1.1142367124557495
1.079538345336914
0.9477202296257019
1.163185954093933
0.9957631826400757
1.0550851821899414
1.0251679420471191
1.080145001411438
1.0510766506195068
1.0325908660888672
1.0915372371673584
0.9175392985343933
1.0161216259002686
1.047852873802185
1.0798853635787964
1.0927759408950806
1.0206469297409058
0.9561000466346741
1.1097115278244019
1.0164835453033447
0.8953421115875244
1.0907251834869385
0.9903542995452881
0.8710346817970276
0.967084527015686
0.9615074992179871
0.9416441917419434
1.1025481224060059
0.9362396597862244
1.0572718381881714
1.0521044731140137
0.9343843460083008
0.9101073145866394
1.0128202438354492
0.9835103750228882
1.0408365726470947
1.0729438066482544
0.9099152684211731
1.030512809753418
1.0946472883224487
1.0115915536880493
0.9932043552398682
1.0613023042678833
0.9428823590278625
1.0058586597442627
1.0646626949310303
1.0589605569839478
1.058874487876892
0.9819328784942627
0.26698726415634155
0.24320892989635468
0.24533668160438538
0.21271120011806488
0.24738456308841705
0.18938224017620087
0.13279345631599426
0.11502879858016968
0.2825847268104553
0.23259834945201874
0.16674990952014923
0.16309945285320282
0.20357994735240936
0.16941392421722412
0.23496152460575104
0.20544248819351196
0.12017564475536346
0.19713164865970612
0.16243316233158112
0.13392938673496246
0.12715014815330505
0.16676874458789825
0.15334421396255493
0.1401442140340805
0.24104388058185577
0.32001182436943054
0.25715726613998413
0.25535696744918823
0.25535696744918823
0.1637142300605774
0.24505794048309326
0.243988499045372
0.18912336230278015
0.14824214577674866
0.30253660678863525
0.250974178314209
0.2602371573448181
0.22439195215702057
0.34445101022720337
0.3489626944065094
0.3811539113521576
0.35095328092575073
1.0831243991851807
1.09150230884552
0.992188036441803
1.097948670387268
1.1499414443969727
1.0933959484100342
1.087881326675415
1.0024738311767578
1.0296887159347534
1.0387916564941406
1.0218449831008911
1.0599602460861206
1.0913912057876587
1.0505623817443848
1.0319708585739136
0.9362103343009949
1.073814868927002
1.0631760358810425
0.9555366039276123
0.8705937266349792
1.038487434387207
1.022045373916626
1.0187711715698242
1.051283359527588
1.1019386053085327
0.9057492017745972
1.0429986715316772
1.0129371881484985
1.0169627666473389
1.131293773651123
0.8380142450332642
0.9270592927932739
1.0309735536575317
0.4054763615131378
0.36165839433670044
0.38336411118507385
0.346457302570343
0.45941463112831116
0.44488367438316345
0.30740106105804443
0.3217853009700775
0.4723907709121704
0.4301615059375763
0.34884533286094666
0.38416150212287903
0.43776965141296387
0.28679725527763367
0.45231929421424866
0.3615400791168213
0.44735726714134216
0.38949301838874817
0.3399963974952698
0.3363328278064728
0.34986791014671326
0.2984292507171631
0.42500561475753784
0.310908704996109
0.2529507577419281
0.1805211305618286
0.23152777552604675
0.2846531867980957
0.36251187324523926
0.29332923889160156
0.3497891128063202
0.3927827775478363
0.42756184935569763
0.3828662037849426
0.2701529860496521
0.3711602985858917
0.2464379221200943
0.37400972843170166
1.4465398788452148
1.4064079523086548
1.445291519165039
1.320793628692627
1.330748438835144
1.2579408884048462
1.2557408809661865
1.2391812801361084
1.2507153749465942
1.1418288946151733
1.149366855621338
1.2658504247665405
1.2059106826782227
1.08402419090271
1.0866779088974
1.1705942153930664
1.1596713066101074
1.1390881538391113
1.127754807472229
1.1402549743652344
1.1433018445968628
1.2335313558578491
1.0805094242095947
1.1319955587387085
1.005296230316162
0.9758976101875305
0.9730018973350525
1.013706922531128
1.1219686269760132
0.9447240829467773
0.9447240829467773
0.8900332450866699
1.0433248281478882
1.021730661392212
1.0328696966171265
1.018149971961975
0.45227646827697754
0.42826753854751587
0.4461947977542877
0.49211251735687256
0.5168941617012024
0.44246044754981995
0.4398963749408722
0.5246150493621826
0.4293706715106964
